-0.00075543951954
0.899229720235201
0.987166831194472
0.987166831194472
-1.01231823955312
-1.01317122593718
-1.01317122593718
-1.01317122593718
-1.01317122593718
0.987166831194472
-1.01317122593718
0.987166831194472
-0.150478163777750
0.987166831194472
-0.245833679439620
0.284407967848690
-0.664199122060679
0.987166831194472
-1.01317122593718
-1.01317122593718
0.321630596917587
0.987166831194472
0.987166831194472
-1.01317122593718
0.0593556359417228
-0.939769268561370
-1.01317122593718
0.580628647302566
-1.01317122593718
-1.01317122593718
0.987166831194472
0.987166831194472
-1.01317122593718
-1.01317122593718
0.987166831194472
0.987166831194472
0.987166831194472
0.987166831194472
0.218991645127091