2.06106017802900
0.790796818456269
0.816201577552542
-0.347895293756870
2.03565541893273
-0.961928321113784
-0.571685816635937
-0.904665994110785
-0.904513565556207
-1.16371832261548
-0.875501330668263
-0.321398130019458
2.03565541893273
2.28685767687668
-0.884901091533885
-0.221582831530202
-0.904665994110785
-0.753888748874406
-0.447177092305105
-1.02419538565875
2.28685767687668
-1.16371832261548
-1.17502344041332
-0.472962922787822
0.790796818456269
-0.142396197427120
-0.911118802921238
-1.08750404532666
2.06685246310295
-0.748528344705092
-0.112571010248096
-0.517853132110935
-0.248816733281406
-0.904513565556207
-1.01217893460621
-0.750433701637313
-0.347895293756870
-0.999501959817171
-0.0617614920555495
1.06817695668057
-0.405087318668189
-0.405087318668189
0.185752242877196
1.06817695668057
0.979673730561233
-0.350022053197057
-1.12016884408994
1.39013236677501
-0.151234910994873
1.03151790808001
0.441752042518747
1.06817695668057
2.80940507263675
1.23674722618690
0.621059271866242
-1.12016884408994
1.56943959612250
0.264592205139484
-1.83847145746404
2.80940507263675
-0.151234910994873
-0.459078888155201
-0.426714623491110
-0.405087318668189
1.65042695035302
0.979673730561233
-0.151234910994873
1.22156209726868
-0.786402778170219
-0.789623866122571
0.158756458133689
1.06066108479175
1.39013236677501
0.977526338593000
1.64398477444832
0.185752242877196
1.54029641941076
-0.789623866122571
-1.25198284838908
0.232689448337543
0.232689448337543
-0.0538502233712191
-1.25198284838908
-0.231368217489997
-0.109271744437250
0.220330188944884
-0.382541474482314
0.368966545325024
-0.296416951135573
-0.102181432469882
-1.25198284838908
-1.61755673147722
-0.372003579631730
-0.145243694143253
0.220330188944884
-0.425603736155686
-0.243727476882656
0.484883388681441
-1.61755673147722
0.368966545325024
0.482346488069263
-0.104002797011957
0.232689448337543
-0.800089295753267
-0.231368217489997
0.368966545325024
-1.26252074323966
0.0744258793778571
0.351338338507074
0.0709782964946418
-0.605853777087578
-0.382541474482314
-0.0467599114038508
-0.246264377494833
-0.0538502233712191
-0.116166910203681
0.351338338507074